optimizer:
  lr: 0.00002 # 0.00002
epochs: 40 # 200

